lastAccountName: SupremelyTaco
timestamps:
  login: 1622352877419
  logout: 1622354215292
ipAddress: 127.0.0.1
logoutlocation:
  world: world
  x: 128.74034146999088
  y: 67.0
  z: -128.86857674634126
  yaw: 20.752869
  pitch: 32.467754
