lastAccountName: Cazinova
timestamps:
  login: 1622426809335
  logout: 1622428029568
ipAddress: 127.0.0.1
logoutlocation:
  world: world
  x: -91.43918838184054
  y: 52.5625
  z: -103.38207185479811
  yaw: -269.69955
  pitch: 32.54996
