lastAccountName: JytteAzelle
timestamps:
  login: 1622355867849
  logout: 1622356598460
ipAddress: 127.0.0.1
logoutlocation:
  world: world
  x: 77.45162022897733
  y: 63.0
  z: -106.54191266442339
  yaw: 11.969546
  pitch: 20.999655
lastlocation:
  world: world
  x: -78.43355074360724
  y: 37.0
  z: 27.004348739076963
  yaw: 265.05493
  pitch: 9.830904
