lastAccountName: JytteAzelle
timestamps:
  login: 1620961798965
  logout: 1620963142031
ipAddress: 127.0.0.1
logoutlocation:
  world: world
  x: -72.65613171427782
  y: 11.0
  z: 28.752316383187384
  yaw: 265.35867
  pitch: 7.8809924
lastlocation:
  world: world
  x: -78.43355074360724
  y: 37.0
  z: 27.004348739076963
  yaw: 265.05493
  pitch: 9.830904
