lastAccountName: TalReid
timestamps:
  login: 1622354316077
  logout: 1622355266166
ipAddress: 127.0.0.1
logoutlocation:
  world: world
  x: -168.9768124348367
  y: 54.0
  z: -192.69777637637534
  yaw: 85.354126
  pitch: 30.927414
