lastAccountName: JakeSquid
timestamps:
  login: 1622353773845
  logout: 1622354227185
ipAddress: 127.0.0.1
logoutlocation:
  world: world
  x: -211.11054302493625
  y: 117.0625
  z: 467.55804145517936
  yaw: 340.46045
  pitch: -20.84984
