lastAccountName: Sivata
timestamps:
  login: 1622349426350
  logout: 1622349765236
ipAddress: 127.0.0.1
logoutlocation:
  world: world
  x: -120.93431669029484
  y: 109.0
  z: 195.66279629238946
  yaw: 12.308868
  pitch: 23.399885
lastlocation:
  world: world
  x: -65.43182991734284
  y: 57.9375
  z: 184.3293046405747
  yaw: -92.62604
  pitch: 45.899525
